{
 "cells": [
  {
   "cell_type": "code",
   "execution_count": 10,
   "metadata": {},
   "outputs": [
    {
     "name": "stdout",
     "output_type": "stream",
     "text": [
      "Matrix of size 8 by 4:\n",
      "[[ 1.  0.  0.  0.]\n",
      " [ 0.  1.  0.  0.]\n",
      " [ 0.  0.  1.  0.]\n",
      " [ 0.  0.  0.  1.]\n",
      " [-1.  0.  0.  1.]\n",
      " [ 1. -1.  0.  0.]\n",
      " [ 0.  1. -1.  0.]\n",
      " [ 0.  0.  1. -1.]\n",
      " [-1.  1.  0.  0.]\n",
      " [ 0. -1.  1.  0.]\n",
      " [ 0.  0. -1.  1.]\n",
      " [ 1.  0.  0. -1.]]\n",
      "\n",
      "Norm-1 of the matrix:\n",
      "5.0\n",
      "\n",
      "Norm-2 of the matrix:\n",
      "3.0\n",
      "\n",
      "U:\n",
      "[[-1.66666667e-01  3.16227766e-01  8.40323465e-17  5.00000000e-01\n",
      "   3.77748177e-01 -4.06386577e-01 -2.34782680e-02  5.21166684e-02\n",
      "   4.06386577e-01  2.34782680e-02 -5.21166684e-02 -3.77748177e-01]\n",
      " [ 1.66666667e-01  1.94506464e-17  3.16227766e-01  5.00000000e-01\n",
      "   6.98678919e-02  3.61068393e-01 -4.19191195e-01 -1.17450899e-02\n",
      "  -3.61068393e-01  4.19191195e-01  1.17450899e-02 -6.98678919e-02]\n",
      " [-1.66666667e-01 -3.16227766e-01  1.57029575e-18  5.00000000e-01\n",
      "  -4.59705219e-02  1.02337457e-01  3.57132151e-01 -4.13499086e-01\n",
      "  -1.02337457e-01 -3.57132151e-01  4.13499086e-01  4.59705219e-02]\n",
      " [ 1.66666667e-01  1.15733411e-16 -3.16227766e-01  5.00000000e-01\n",
      "  -4.01645547e-01 -5.70192728e-02  8.55373120e-02  3.73127507e-01\n",
      "   5.70192728e-02 -8.55373120e-02 -3.73127507e-01  4.01645547e-01]\n",
      " [ 3.33333333e-01 -3.16227766e-01 -3.16227766e-01  9.66599949e-17\n",
      "   7.78376224e-01  7.56643139e-02  5.60393697e-02  8.99200924e-02\n",
      "  -7.56643139e-02 -5.60393697e-02 -8.99200924e-02  2.21623776e-01]\n",
      " [-3.33333333e-01  3.16227766e-01 -3.16227766e-01 -7.34214981e-17\n",
      "   8.95021356e-02  7.78857602e-01  6.77785037e-02  6.38617582e-02\n",
      "   2.21142398e-01 -6.77785037e-02 -6.38617582e-02 -8.95021356e-02]\n",
      " [ 3.33333333e-01  3.16227766e-01  3.16227766e-01 -5.49469195e-18\n",
      "   5.45681897e-02  9.83234062e-02  7.77374101e-01  6.97343032e-02\n",
      "  -9.83234062e-02  2.22625899e-01 -6.97343032e-02 -5.45681897e-02]\n",
      " [-3.33333333e-01 -3.16227766e-01  3.16227766e-01  4.00887927e-18\n",
      "   7.75534507e-02  4.71546775e-02  9.88080257e-02  7.76483846e-01\n",
      "  -4.71546775e-02 -9.88080257e-02  2.23516154e-01 -7.75534507e-02]\n",
      " [ 3.33333333e-01 -3.16227766e-01  3.16227766e-01  7.34214981e-17\n",
      "  -8.95021356e-02  2.21142398e-01 -6.77785037e-02 -6.38617582e-02\n",
      "   7.78857602e-01  6.77785037e-02  6.38617582e-02  8.95021356e-02]\n",
      " [-3.33333333e-01 -3.16227766e-01 -3.16227766e-01  5.49469195e-18\n",
      "  -5.45681897e-02 -9.83234062e-02  2.22625899e-01 -6.97343032e-02\n",
      "   9.83234062e-02  7.77374101e-01  6.97343032e-02  5.45681897e-02]\n",
      " [ 3.33333333e-01  3.16227766e-01 -3.16227766e-01 -4.00887927e-18\n",
      "  -7.75534507e-02 -4.71546775e-02 -9.88080257e-02  2.23516154e-01\n",
      "   4.71546775e-02  9.88080257e-02  7.76483846e-01  7.75534507e-02]\n",
      " [-3.33333333e-01  3.16227766e-01  3.16227766e-01 -9.66599949e-17\n",
      "   2.21623776e-01 -7.56643139e-02 -5.60393697e-02 -8.99200924e-02\n",
      "   7.56643139e-02  5.60393697e-02  8.99200924e-02  7.78376224e-01]]\n",
      "\n",
      "S:\n",
      "[3.         2.23606798 2.23606798 1.        ]\n",
      "\n",
      "VH:\n",
      "[[-5.00000000e-01  5.00000000e-01 -5.00000000e-01  5.00000000e-01]\n",
      " [ 7.07106781e-01 -2.25960365e-16 -7.07106781e-01  6.35503792e-17]\n",
      " [-0.00000000e+00  7.07106781e-01 -2.89510744e-16 -7.07106781e-01]\n",
      " [ 5.00000000e-01  5.00000000e-01  5.00000000e-01  5.00000000e-01]]\n",
      "\n",
      "Reconstructed matrix:\n"
     ]
    },
    {
     "ename": "ValueError",
     "evalue": "matmul: Input operand 1 has a mismatch in its core dimension 0, with gufunc signature (n?,k),(k,m?)->(n?,m?) (size 4 is different from 12)",
     "output_type": "error",
     "traceback": [
      "\u001b[0;31m---------------------------------------------------------------------------\u001b[0m",
      "\u001b[0;31mValueError\u001b[0m                                Traceback (most recent call last)",
      "Cell \u001b[0;32mIn[10], line 64\u001b[0m\n\u001b[1;32m     61\u001b[0m \u001b[38;5;28mprint\u001b[39m()\n\u001b[1;32m     63\u001b[0m \u001b[38;5;28mprint\u001b[39m(\u001b[38;5;124m\"\u001b[39m\u001b[38;5;124mReconstructed matrix:\u001b[39m\u001b[38;5;124m\"\u001b[39m)\n\u001b[0;32m---> 64\u001b[0m \u001b[38;5;28mprint\u001b[39m(\u001b[43mu\u001b[49m\u001b[43m \u001b[49m\u001b[38;5;241;43m@\u001b[39;49m\u001b[43m \u001b[49m\u001b[43mnp\u001b[49m\u001b[38;5;241;43m.\u001b[39;49m\u001b[43mdiag\u001b[49m\u001b[43m(\u001b[49m\u001b[43ms\u001b[49m\u001b[43m)\u001b[49m \u001b[38;5;241m@\u001b[39m vh)\n\u001b[1;32m     65\u001b[0m \u001b[38;5;28mprint\u001b[39m()\n",
      "\u001b[0;31mValueError\u001b[0m: matmul: Input operand 1 has a mismatch in its core dimension 0, with gufunc signature (n?,k),(k,m?)->(n?,m?) (size 4 is different from 12)"
     ]
    }
   ],
   "source": [
    "# Calculate singular value decomposition of a matrix\n",
    "mat = [\n",
    "    [-1, 1, 0, 0],\n",
    "    [0, -1, 1, 0],\n",
    "    [0, 0, -1, 1],\n",
    "    [1, 0, 0, -1],\n",
    "]\n",
    "\n",
    "# Make a larger matrix similar to this but 256 by 256\n",
    "# The diagonal should be (-1, 1), (-1, 1), (-1, 1), (-1, 1), ...\n",
    "# The rest of the matrix should be zeros\n",
    "\n",
    "# mat = np.zeros((256, 256))\n",
    "# for i in range(256):\n",
    "#     mat[i, i] = -1\n",
    "#     mat[i, (i + 1) % 256] = 1\n",
    "\n",
    "len = 4\n",
    "# len = 512\n",
    "mat = np.zeros((len * 3, len))\n",
    "for i in range(len):\n",
    "    mat[i, i] = 1\n",
    "for i in range(len):\n",
    "    mat[i + len, i] = -1\n",
    "    # mat[i + len, (i + 1) % len] = 1\n",
    "    mat[(i + 1) % len + len, i] = 1\n",
    "for i in range(len):\n",
    "    mat[i + len * 2, i] = -1\n",
    "    # mat[(i + 1) % len + len * 2, i] = 1\n",
    "    mat[i + len * 2, (i + 1) % len] = 1\n",
    "    \n",
    "    \n",
    "    \n",
    "print(f\"Matrix of size {len * 2} by {len}:\")\n",
    "print(mat)\n",
    "print()\n",
    "\n",
    "# Find norm-1 of the matrix\n",
    "print(\"Norm-1 of the matrix:\")\n",
    "print(np.linalg.norm(mat, 1))\n",
    "print()\n",
    "\n",
    "print(\"Norm-2 of the matrix:\")\n",
    "print(np.linalg.norm(mat, 2))\n",
    "print()\n",
    "\n",
    "\n",
    "import numpy as np\n",
    "u, s, vh = np.linalg.svd(mat)\n",
    "\n",
    "print(\"U:\")\n",
    "print(u)\n",
    "print()\n",
    "\n",
    "print(\"S:\")\n",
    "print(s)\n",
    "print()\n",
    "\n",
    "print(\"VH:\")\n",
    "print(vh)\n",
    "print()\n",
    "\n",
    "print(\"Reconstructed matrix:\")\n",
    "print(u @ np.diag(s) @ vh)\n",
    "print()\n",
    "\n"
   ]
  }
 ],
 "metadata": {
  "language_info": {
   "name": "python"
  }
 },
 "nbformat": 4,
 "nbformat_minor": 2
}
