{
 "cells": [
  {
   "cell_type": "code",
   "execution_count": 18,
   "metadata": {},
   "outputs": [
    {
     "name": "stdout",
     "output_type": "stream",
     "text": [
      "Matrix of size 10 by 5:\n",
      "[[ 1.  0.  0.  0.  0.]\n",
      " [ 0.  1.  0.  0.  0.]\n",
      " [ 0.  0.  1.  0.  0.]\n",
      " [ 0.  0.  0.  1.  0.]\n",
      " [ 0.  0.  0.  0.  1.]\n",
      " [-1.  0.  0.  0.  1.]\n",
      " [ 1. -1.  0.  0.  0.]\n",
      " [ 0.  1. -1.  0.  0.]\n",
      " [ 0.  0.  1. -1.  0.]\n",
      " [ 0.  0.  0.  1. -1.]\n",
      " [-1.  1.  0.  0.  0.]\n",
      " [ 0. -1.  1.  0.  0.]\n",
      " [ 0.  0. -1.  1.  0.]\n",
      " [ 0.  0.  0. -1.  1.]\n",
      " [ 1.  0.  0.  0. -1.]]\n",
      "\n",
      "Norm-1 of the matrix:\n",
      "5.0\n",
      "\n",
      "Norm-2 of the matrix:\n",
      "2.8698550446842765\n",
      "\n",
      "U:\n",
      "[[ 6.46441391e-17 -2.20378912e-01  3.25993627e-01 -5.55631336e-18\n",
      "   4.47213595e-01  3.86626484e-01 -4.09573310e-01 -3.95581514e-02\n",
      "   9.86773567e-04  6.15182035e-02  4.09573310e-01  3.95581514e-02\n",
      "  -9.86773567e-04 -6.15182035e-02 -3.86626484e-01]\n",
      " [ 1.29535474e-01  1.78290285e-01  1.00737571e-01  3.10038363e-01\n",
      "   4.47213595e-01  8.86158921e-02  3.62839019e-01 -4.26026480e-01\n",
      "  -3.77526996e-02  1.23242688e-02 -3.62839019e-01  4.26026480e-01\n",
      "   3.77526996e-02 -1.23242688e-02 -8.86158921e-02]\n",
      " [-2.09592800e-01 -6.81008290e-02 -2.63734384e-01  1.91614246e-01\n",
      "   4.47213595e-01 -7.97882908e-03  1.09950755e-01  3.56123821e-01\n",
      "  -4.27388215e-01 -3.07075315e-02 -1.09950755e-01 -3.56123821e-01\n",
      "   4.27388215e-01  3.07075315e-02  7.97882908e-03]\n",
      " [ 2.09592800e-01 -6.81008290e-02 -2.63734384e-01 -1.91614246e-01\n",
      "   4.47213595e-01 -6.69391021e-02  2.10105572e-02  1.11612703e-01\n",
      "   3.56416035e-01 -4.22100193e-01 -2.10105572e-02 -1.11612703e-01\n",
      "  -3.56416035e-01  4.22100193e-01  6.69391021e-02]\n",
      " [-1.29535474e-01  1.78290285e-01  1.00737571e-01 -3.10038363e-01\n",
      "   4.47213595e-01 -4.00324445e-01 -8.42270211e-02 -2.15189253e-03\n",
      "   1.07738107e-01  3.78965252e-01  8.42270211e-02  2.15189253e-03\n",
      "  -1.07738107e-01 -3.78965252e-01  4.00324445e-01]\n",
      " [-1.29535474e-01  3.98669197e-01 -2.25256056e-01 -3.10038363e-01\n",
      "  -7.46528050e-18  7.72945685e-01  6.91135883e-02  3.87548299e-02\n",
      "   3.92328599e-02  7.99530365e-02 -6.91135883e-02 -3.87548299e-02\n",
      "  -3.92328599e-02 -7.99530365e-02  2.27054315e-01]\n",
      " [-1.29535474e-01 -3.98669197e-01  2.25256056e-01 -3.10038363e-01\n",
      "  -1.39038872e-16  7.96324432e-02  7.73900243e-01  5.85339056e-02\n",
      "   3.87394732e-02  4.91939347e-02  2.26099757e-01 -5.85339056e-02\n",
      "  -3.87394732e-02 -4.91939347e-02 -7.96324432e-02]\n",
      " [ 3.39128275e-01  2.46391114e-01  3.64471955e-01  1.18424117e-01\n",
      "  -1.18261329e-16  3.53244971e-02  9.24807341e-02  7.71547146e-01\n",
      "   5.76158229e-02  4.30318003e-02 -9.24807341e-02  2.28452854e-01\n",
      "  -5.76158229e-02 -4.30318003e-02 -3.53244971e-02]\n",
      " [-4.19185600e-01 -2.85264838e-17 -7.36984439e-17  3.83228493e-01\n",
      "   6.26479900e-17  3.93139117e-02  3.75053564e-02  9.34852352e-02\n",
      "   7.71309931e-01  5.83855660e-02 -3.75053564e-02 -9.34852352e-02\n",
      "   2.28690069e-01 -5.83855660e-02 -3.93139117e-02]\n",
      " [ 3.39128275e-01 -2.46391114e-01 -3.64471955e-01  1.18424117e-01\n",
      "   1.46243159e-16  7.27834627e-02  2.70000778e-02  3.76788837e-02\n",
      "   9.31019133e-02  7.69435663e-01 -2.70000778e-02 -3.76788837e-02\n",
      "  -9.31019133e-02  2.30564337e-01 -7.27834627e-02]\n",
      " [ 1.29535474e-01  3.98669197e-01 -2.25256056e-01  3.10038363e-01\n",
      "   1.39038872e-16 -7.96324432e-02  2.26099757e-01 -5.85339056e-02\n",
      "  -3.87394732e-02 -4.91939347e-02  7.73900243e-01  5.85339056e-02\n",
      "   3.87394732e-02  4.91939347e-02  7.96324432e-02]\n",
      " [-3.39128275e-01 -2.46391114e-01 -3.64471955e-01 -1.18424117e-01\n",
      "   1.18261329e-16 -3.53244971e-02 -9.24807341e-02  2.28452854e-01\n",
      "  -5.76158229e-02 -4.30318003e-02  9.24807341e-02  7.71547146e-01\n",
      "   5.76158229e-02  4.30318003e-02  3.53244971e-02]\n",
      " [ 4.19185600e-01  2.85264838e-17  7.36984439e-17 -3.83228493e-01\n",
      "  -6.26479900e-17 -3.93139117e-02 -3.75053564e-02 -9.34852352e-02\n",
      "   2.28690069e-01 -5.83855660e-02  3.75053564e-02  9.34852352e-02\n",
      "   7.71309931e-01  5.83855660e-02  3.93139117e-02]\n",
      " [-3.39128275e-01  2.46391114e-01  3.64471955e-01 -1.18424117e-01\n",
      "  -1.46243159e-16 -7.27834627e-02 -2.70000778e-02 -3.76788837e-02\n",
      "  -9.31019133e-02  2.30564337e-01  2.70000778e-02  3.76788837e-02\n",
      "   9.31019133e-02  7.69435663e-01  7.27834627e-02]\n",
      " [ 1.29535474e-01 -3.98669197e-01  2.25256056e-01  3.10038363e-01\n",
      "   7.46528050e-18  2.27054315e-01 -6.91135883e-02 -3.87548299e-02\n",
      "  -3.92328599e-02 -7.99530365e-02  6.91135883e-02  3.87548299e-02\n",
      "   3.92328599e-02  7.99530365e-02  7.72945685e-01]]\n",
      "\n",
      "S:\n",
      "[2.86985504 2.86985504 1.94008557 1.94008557 1.        ]\n",
      "\n",
      "VH:\n",
      "[[-0.          0.37174803 -0.60150096  0.60150096 -0.37174803]\n",
      " [-0.63245553  0.51166727 -0.19543951 -0.19543951  0.51166727]\n",
      " [ 0.63245553  0.19543951 -0.51166727 -0.51166727  0.19543951]\n",
      " [-0.          0.60150096  0.37174803 -0.37174803 -0.60150096]\n",
      " [ 0.4472136   0.4472136   0.4472136   0.4472136   0.4472136 ]]\n",
      "\n",
      "Reconstructed matrix:\n"
     ]
    },
    {
     "ename": "ValueError",
     "evalue": "matmul: Input operand 1 has a mismatch in its core dimension 0, with gufunc signature (n?,k),(k,m?)->(n?,m?) (size 5 is different from 15)",
     "output_type": "error",
     "traceback": [
      "\u001b[0;31m---------------------------------------------------------------------------\u001b[0m",
      "\u001b[0;31mValueError\u001b[0m                                Traceback (most recent call last)",
      "Cell \u001b[0;32mIn[18], line 64\u001b[0m\n\u001b[1;32m     61\u001b[0m \u001b[38;5;28mprint\u001b[39m()\n\u001b[1;32m     63\u001b[0m \u001b[38;5;28mprint\u001b[39m(\u001b[38;5;124m\"\u001b[39m\u001b[38;5;124mReconstructed matrix:\u001b[39m\u001b[38;5;124m\"\u001b[39m)\n\u001b[0;32m---> 64\u001b[0m \u001b[38;5;28mprint\u001b[39m(\u001b[43mu\u001b[49m\u001b[43m \u001b[49m\u001b[38;5;241;43m@\u001b[39;49m\u001b[43m \u001b[49m\u001b[43mnp\u001b[49m\u001b[38;5;241;43m.\u001b[39;49m\u001b[43mdiag\u001b[49m\u001b[43m(\u001b[49m\u001b[43ms\u001b[49m\u001b[43m)\u001b[49m \u001b[38;5;241m@\u001b[39m vh)\n\u001b[1;32m     65\u001b[0m \u001b[38;5;28mprint\u001b[39m()\n",
      "\u001b[0;31mValueError\u001b[0m: matmul: Input operand 1 has a mismatch in its core dimension 0, with gufunc signature (n?,k),(k,m?)->(n?,m?) (size 5 is different from 15)"
     ]
    }
   ],
   "source": [
    "# Calculate singular value decomposition of a matrix\n",
    "mat = [\n",
    "    [-1, 1, 0, 0],\n",
    "    [0, -1, 1, 0],\n",
    "    [0, 0, -1, 1],\n",
    "    [1, 0, 0, -1],\n",
    "]\n",
    "\n",
    "# Make a larger matrix similar to this but 256 by 256\n",
    "# The diagonal should be (-1, 1), (-1, 1), (-1, 1), (-1, 1), ...\n",
    "# The rest of the matrix should be zeros\n",
    "\n",
    "# mat = np.zeros((256, 256))\n",
    "# for i in range(256):\n",
    "#     mat[i, i] = -1\n",
    "#     mat[i, (i + 1) % 256] = 1\n",
    "\n",
    "len = 5\n",
    "# len = 512\n",
    "mat = np.zeros((len * 3, len))\n",
    "for i in range(len):\n",
    "    mat[i, i] = 1\n",
    "for i in range(len):\n",
    "    mat[i + len, i] = -1\n",
    "    # mat[i + len, (i + 1) % len] = 1\n",
    "    mat[(i + 1) % len + len, i] = 1\n",
    "for i in range(len):\n",
    "    mat[i + len * 2, i] = -1\n",
    "    # mat[(i + 1) % len + len * 2, i] = 1\n",
    "    mat[i + len * 2, (i + 1) % len] = 1\n",
    "    \n",
    "    \n",
    "if len <= 6:\n",
    "    print(f\"Matrix of size {len * 2} by {len}:\")\n",
    "    print(mat)\n",
    "    print()\n",
    "\n",
    "# Find norm-1 of the matrix\n",
    "print(\"Norm-1 of the matrix:\")\n",
    "print(np.linalg.norm(mat, 1))\n",
    "print()\n",
    "\n",
    "print(\"Norm-2 of the matrix:\")\n",
    "print(np.linalg.norm(mat, 2))\n",
    "print()\n",
    "\n",
    "\n",
    "import numpy as np\n",
    "u, s, vh = np.linalg.svd(mat)\n",
    "\n",
    "print(\"U:\")\n",
    "print(u)\n",
    "print()\n",
    "\n",
    "print(\"S:\")\n",
    "print(s)\n",
    "print()\n",
    "\n",
    "print(\"VH:\")\n",
    "print(vh)\n",
    "print()\n",
    "\n",
    "print(\"Reconstructed matrix:\")\n",
    "print(u @ np.diag(s) @ vh)\n",
    "print()\n",
    "\n"
   ]
  }
 ],
 "metadata": {
  "language_info": {
   "name": "python"
  }
 },
 "nbformat": 4,
 "nbformat_minor": 2
}
